1181445467811462395426394771178999686641111789577436697989463723864427549494137551467467196814842734467437118655694735968459532261727888536498159134893669858781657412364569389822381229293176695194193169
4793743673659256482862144794487826991111111114155836267111111111112545911123415184265873492959863211111175129969364384341593652238111111111116296664631611111111723455264633357366635759732531111111111518
1541111111111451932541111111563812811116783711256668211112111111111419883111111733113296982462715116695116377281111111131548347111199483673733361156711137395511191852111112796911111235761111111576119854
2611111111111117869951116786155581111699476368763651641811115243911156812121111187388959745336196178463185916481897818478493311123262827446394661274112849563881191511146257977376111199396118446351336642
3311168587146111197394119763652147761164416787378615377255115277751154577121778114884821752672239126971751628812279819354688911214125746211112953371937648335161161148555578948111117719753411578122197592
9611666789574356118763891114751676422111916847748752399896211163531185534111118744855877673891573114539458574931514312826479216358371111724117652116799327576111887116473321833367864125788539118457969891
3611169959911115791866744784272319357592562832919171449185146347971145292411123816441918255111117811194253496588124516925553811111111971511116424815841111117117332171111111642711489587645295637623355847
8241111111111111197141186938874231922785527145577111111111569641611628339811112586618163742183281874118461271862314211136311771111181111111111566715111551261113449655116539751186687995145311189329662913
5853111111619911712376351451111111153799834733111111111111114466876486238761211128711431581174942442118864313111136861646165728828931391178216324218359277293214656235241961111112459813942111811114385168
8683691663794525258839999411222222115775641711111151928325118932838671111111111111114142998165837991678638391122194782111115376131166511533923354758443119373347812393751118889121716619111697569121497861
6981536713842631115527386112111111111123214111128525321118373183261111112217127311741972935611621346912691111222182759323886794111158111444127651155811161169916774186111297568444296251153753877249187848
1642773259579111111119727912163899385123831116577595823661561821111111512212214434882111636348464744737311111232189566133147211122117819733144993369812258317318619511879275618465861111387423745961199328
3892885564921114781251129611115117623148716111551949111111716457111941512219434592311121593458648892111111741232162613419711112222119415485727151645315572621697712421146831394245353411361768913235113492
8943111117375711884878144556111197757176833811111111112975371155111726812113895881112221269769811111111785611222111111111111112332129111667421128463911168868224115812111117265268128415146113367169113561
1621111111129856271413719683111111722654356125812828351585732718121565111111785111222321821711111113481962112111111111111472712322137111548136229594788111177457137437274115366146868115141112559119191267
3381132571116373374518879366228654587741659415797771111111279488182159111363311122233321281111631881629871111133898345427631112221136111111888889383491351111111199846892275195917286417899311678991658135
6611126793811966419567781111465951791513644944212111111111111835173381113141112223333221111221111111171111117884311115283111222211282511469133611174526275713941821235413723117661847613615311118111945212
7211518815583144715185111211113168911111111132141111721551121591118711697511222322222211111111111122111221129944311582591112232119145614163741112141561965564946312265961115491111921781648864911142424264
8611413238916911246161121111112816112111112117731219463587111139138346346112222221111113671597425111111121111168958929111112332165963887853111222199211111111128317262111274763111971611959644924848176724
9911137436562217817915121121111184121166511212881111367227611751689595111122211111826148874742876377487111112111169937149912222111111111111122222146511981111114272151973635661118329367737782229715242592
6171186881113715472243111466118527121911911212965111113817158152648711122211113926666258625252953328339738311112111169511111111111112211111223221188511234587511324695581783333295426679554595677241892143
1391114111146522938652311151944992111136121119795111111883159799251112221112574531969111111111111111119855648811122111111111372336311111741232211185651315334641923642411112189878525262744487111111111816
4363111111111844267983571111141646712191184125736576789111336445511222111396693681111159617911711111111119436142112222162643913598111347511232118479461649798961923778286149111121951242786791112669471963
5379291582158911111115777852111588711116565694562232795857478151112221177725414111614196791385946453934911113351911122119163431111192171112222179132243799414871633965171111111771551447219313833317231499
8223847525244111111111147463256228818611131757611111111182928711222211516392851829992564821111147293856413112279392112211177731339627911122211151119117351733591228191111939834748976656385816579986111525
6565466915911111476961159336233766154811439626111111111113978912222112686433814251286351111111838276711111178615618911221118719672111112221111544226123224847116723291187643241652293449175319968911477258
3829184171131115859747125359111111111363751411121491461212294112221139487359327886583111221182156511182846421658891741122211667853111222111695252221116818656428595218116111115395111111243844129961993744
5489141619959111941942161231111131111111182386121898361113471122211188429347616756771122221338742121453519111111112837112221721335731111158263213511821165578866354974511111876925138284114872932529848335
6196419812441311119779999462114148562111199683121148271167631223215187111631417917111223321186236212261363981182311172211221116541648114271853648851349311845997357796236928373931264646711578397717494593
5329168531186448111115487854111153366811111138112139311193411233213854111191598727512233322119529994311948811129147128831222211171229111364735911411828381119383675411111557152714272196111529557111111115
5537157576692972637612367577911119893876265772411113111597812233218631295492118283212233332211111111111594811372812154971123222111111111116294352972169269172461241136661117746913999271152261751969561119
6831182911119288829411118536484711111126281394981186311835912333215938495857557224711223333222222222221954911586896252371123332222222222211199871353913863117561115796878111161243578121498134319451471115
2671193421214984661111112512791558145226612765471118811987512333216281114958669961131122223333333222111111111141541135666123322222222211111337144137231244719199117938716111121815625855178763639188311984
3991175541217387311115312284818352596671111763794119651847212222211111111111257612434111122222222211141112218111921111577123321111111119588927555369712113812832588111181111771191555316985529831739857555
2211129631118477111323516115324431111111211111149227571421112211111586878111114551812617111221111113847712211481984311158123321873982852863664736687119555117596192236111171196758321111111124385224148866
4341132511184391112878749188791111222222222222111186929791912115281563856391111171975511481111478916961112221412238211145123321186495358811111111131311862163199849222499286365111111118411118114482551435
6832117111298732111486111123411222222111111122222111582816311162411196817978711111526654325511147111154112221168535811932123322113579574511997534117198111141219265786652145587119513811798118237744532168
8456111115227554311111135162112222111115548111122221112711116451111854215111473411117527574427229148558611111236246711273123332111432331317199631213441777759683111111119514491166418159691115395111173887
7858816254514814822953779781122221114779252964111122211112211111158471117591339842111111613833985236111111911137135117999123432221194913198196127311195995841111111267811122831439612461111551461148111532
2792775422118989638362866441223211346711111118665111122222212131511151119311135935351111111111111111111117411983261134966123433322112532321194741146748745511178724815791155611253181111281213261551251198
6649376331136611174278387311233213435185957869316545111122211639767676119976378612628311221111111111133957118652411143551123332222211355628481119235261888614186829999111533421272358571634314713711861132
7751254831848811471811346211223211395681945469711433879111111111194916415822414686469111211199985228523281119356113286311222222111111114382215462919611116517113538111199943749784887111111659656492411822
9447828311262711473716757321122211438481111111174863322326494439928717445424348861111121116488188143742211113271136814112232111165431483418975211111112111795611867134385462558984611114811117326843257659
4722557511111111514146993298112221144961122222111154683512755781196835378441111111221111929883215938953881154611914871112332178272253711111111185634122221112777129961892622714733111531293119766435291162
3424213811112118351195181333411222112731111122222111123535754923125795111111122222111127583129811236683181119517485113122332123846284111121211144911123322211156311172981111111145718981831196571461374128
2987114587111144761113381575661112211196644111122222111111111111111111122222222332157621918131111163298251983831738311123332184615857116298811398811123333222117163158111111111119411625894627711511156649
7111311774364156991222111524636911111111167774111112222222222222222221111111112232111111111111117112166611429742375112223432111212622199577118215411223333332211339811156177933113641115351149541117111939
8519581145257525521175111851228758761111111531667411111111222111111111985444711222222222221111116481111132813584848122333332221711362512581189221112222222333221116611317457491119981921111521111181241196
4416921174817727421116111114186721821677765431829526456121111145473353396454551123333222111474741611115611149919811122222222221984197167115478671122221112343322119911996377111122243267556288711362581181
4588548116967136321111115161111111211226515738595186518137995111111111882743928123322211199534931114748411371852112211111111111192311611156495711222211912333332215911254421151561644111116823982919511788
5419425118525511447811195851111111134272811111111269134414188383864711593654711122221119427374111539911163658711122116411786226635263196352485112222114612222223212661397516959411111111111435787915427418
9219569111482491123846663411151891112144911111111844194592764458573119374761111222111655585611975381116757546112211121188823949586339321111411122211171212111123211893232419297111116532951971512285383217
9511691111114177111174143115496611179817311445411148187711116154641179761111222111156158681117749118746189771122117349931111111172688579771112222113977811173123221652333966191111589492331665238969224474
7681192111684116119587386149725712144654431937121151151114922613113225111222211128611857429998411654116119111211132461756637111839216851111222211171279111356123321148771237961112397834197435888111127663
5694211147518116113899691555875111117436243192615457111947436111244211122221114157181125639476112441121851122114671711911117822565441111222221116971931111116123321965278811125111146613852642911131111154
5611335616468311114697591235296111274111111648597173119844681154641112222111468714239111112131143115441111221127727621764371554111111222221111631113121114718123321242356112178241111111198721114646181174
6139773839193821281826759828421182527111111239131651186791116943111222211181162699175912219711111578211122221851538587725111111122222221111433641556611149511123321668411122117926468324776656113941951189
7871448252178735843926522628634471911187611186892261124111175541122221114139715659732112116648393752112222221111111111111122222222211111689725112921111188231223321411112222218144939162884227166257781189
1417284171182598249533114591377719811849912144366849111487739711222211655844161669446121167976778211111111222222222222222222211111117842874111138681111511551233321111222333211483511111117396919361741149
7953411532151769412738412937118745271391812117898521796892241112221116385817125288111111573174111111723591222222222211111111112492733918211115361111119983611234322222222223221653111767921375318751111311
8889341168148133818758141111111366575489611173734411368994611222211383511185547161121118438811114575778111221111111117294648842669157688161652551111524675112234333222111123321176115772131124854294699378
6188471185165161511819175211131154672516211626134811993643112222115365113239614491111594861111148112111111111675393354337458111111111251657729111114251711122333322211183123322184118899515627551135639494
6644421136154117951152258493251184416952719678183411117461122221195551129576196511173491511164347111111113338587787629241111111111111113549111113684341112223322221113638123332175112512426378961669996752
1216881171111813431161654196211681523677984541167496123811222211482111794711214118577851111573961121112169364629325111551594197331212215561115989858111222333221111774732123432161111196394634281111116394
3731811477113919765111497671117457623135513411445562135912232115597112159113261165772511112626111111738854771121581111494743846677512119252355388391111112332211134154423123432148332699332757261313211725
6645119783911118993249111111565552154513616611189911174112322163121148711111111145347911192641121153154617711392711123865513642574111122254153149111119612322118913291181123432189456527242245559182311376
1321725919111151187641131538462431617111561411212281896122321155871684111994119871173111683511211343631112113587112135879897355211112137853167731119896112221165113361149123432142341991111177385168181319
8489779912136667377751755824149911117711141111182814534123321247117846115422515568163111619112219998118617111261189131889761111111857421973523111132361122211926114661118123332161221119161981199432869298
6684197993717457516178111984865111739151338451111143291123321231816516115613289811621113681122117429114231183411388526111111111169352217561111111951911222113385911841118123322124611128762321145661742611
4891488317498436281149144511125111733111378992332982741223321371117263117155537111211213721122174941149971716811646126828951281174785524811111641135112221154223611151361123321134116882696211883421892816
2511898119254868841139689731637261111164829231139868151233321221749723111549491164351214961222157951479981342215482711368554341113111111111165581911122211624748912111861223221373118752591119314639728783
6711191179434338878111135611841249156668383417966184521234321954111114411151111137711214121122157581189791933514712241913227811111111111237665977112222114577351111111421233211678513617641285374111111769
3541111145111922181661111114196585383552869127147968471234321646531113967111117147781112466122117751116191183516946951822511111281733334711149321122221153134211116618511232216733311798774574111228111369
5297848767219431184581116631655912669714311171911387591233321422793118873937291991984115289112212452111421148316911111111111139365111111146993111222111862239711358514512232114616491111337211318679119211
5545686615111883178622311234185551169776311194211213661223321111611113389413338119223111518911211855681111113518291111111566899147113629789711122221153641563711166863112322129266899955894116191971752612
6664529781163781133424198528636411154815944111611139181123321221111145211111111112358411132881121153296411556715659511635416191634456145981112222111871213187721113261122221162691116575381191255215187816
2466317411142311328928118111146421113618892611111166885123321163114632211413611545332151112562112117972728536118131481111111577592445613111222211136691684711111134911222211722111111168811285361276176344
1211771844111111632637417611124211149465875773749575128123322122111456512764956369161393111464111111117591355596922111118231169513573111122221111757836711117367736112222117241118918116511792834891516713
8317891247817391185842611556711111766451418816948496615122332111511121921296498422119535991111292122211112553843891392166914797611111122222111766981198255318588361122221163811167633511991111111162897967
7117873562229437212224814416274678953131111116111116954112222211351145245713119493111566466811111123222211111161555963119951111111222222111124118658511759526982111222211651678194696981996161483198111584
7124322784257961153527111792723796981266192292997961118511122221879129159631111234311192314258111122222222221111111111111111222222222111137432155375211138189331122221116114643114979741147323554811251188
6111341811298991181411112883141543111313547737774886118273112221181723286272911129891111667121947111111122222222222222222222222111111135113558111165111938994111222111445217393118213131153198474315681133
3634435143133479111113929581319314681117476686581111133844311222111568112926251111474121113641519276657111111111112221112111111135358943438311111883411559911122222184649442111117981111138577876165471133
7564781849415643111994313185587541951111111111111164967726371122221112111136427111116353119324911116686793525853411111511149119384489332611111112562118231112222211141536111111811359511881257681694971124
3751861668649111464321551486869219896748582147695282713531328112222111122111122961111111118886927961111111111777969283118611111185497111112111454179886111222221113891111633113121168142915171871344141931
5742351118519161114691711126931155324995111941347336466517155811122222222221111718364111169944424388626571221163911111111111715367911112211199815591111122222111166611946151125653861879451451162359411311
9512454113117718199221814111111781564822411133217111114111578161111222333322221111637469711545211111111111111515171591111137255311112211111896281111122222211142388126423533794386785521129221164291196766
6251185111183849433339419475417982711111111163531338181111643761731112222333322221111117445888915671111111358731722711551891111112222219951211111222222221112212211858578748293633111111131388111111641131
1532111359125329581111111734653283177287311581855871575198965919776411112234333322222111111114915925342955969638948611111111222222333211111112222232211111781354711111112768855111114929475169322756327955
9884411121563235711866811617618593785986898471229673618992526867651551911234444333332222222111111111111111111111111112222222233333343222222222333332113595496748122531512537811113966154247782672511111249
7385451428853817421124681531112977114342981275261481122521445186243772221233333333333333332222222222222222222222222222333333333333333333333333333332157725887678177789455311181111729341115751746113131578
6477621149141871515111168121516831611111111111111111111111111111111111111222222222222222222222222222222222222222222222222222222222222222222222222222111111111111111111111116522111111113854174251112151829
9721141162111525136635111117565224778319911111111111111111111111111111111111111111111111111111111111111111111111111111111111111111111111111111111111111111111111111111111376682772641434733787221191683895
7361861274142459817979796957165719196739345114985287537977974875786578726713671195852388127248533224565735666481656324115238648887871161521645747551847655382237114281783161922591311111111111281143997144
4728116583511273112912562796229426734811531136191111111179576211115135911374831111919929126111111217154794987452451739231111179351535126111477549714344111111114281235111111124913511916317211286146213351
9766398552111111141863141116374472791684115454112883111112211174611117774511111111111774791181987111219449143111353481111111111192691111111111126491411111129311965671146481112152118641997681136113439466
2627249523167441195769835571118939519176471981786776381181115645571153143192952187121554611424868916573216984759113471157828718118681141668427113263411154875353969764775878112399112857193111269514637756
9855818753656727216189917643111591119596911641656394111783161371111368531356746211111359815431329194295121252116118391158517113233211245131477188671118829174864819477782662417684411112918356613183144342
4984131473669634731161297111178291112276115667459732126393821111785861132134111111162871766731488536244491111683811428116925348918361473111189441172117298611596485925323677511565381145465596438266725442
6111984591112983755611158972567528781161156841735311886181336144418596251719118956719576548237939211111113421191176341111174273177978382411471482914689911125887975413895288226274796752998913329111113518
5141956158241731745559811546138147941574279237724936941142467159132285585848482165593464597759475113788711494143488363237865362187752334771111175353419215721767811418843342118381581118216689841127111784
5871142485996151241348641911716111111157141733115111111111171521175111111128963111649121111111951117682661899178113615474899712127187711756938511112985115657232618112733111425888139711671917634287311735
2751498373977162316816611163693232634348111175549312956541311873116121151117679518197182635611561818157974138314295123299124951161863193935713453112548116242718399411176167545184429861396931775475411381
7721154952971797621176115234931129368971141142765412544123116543961186761115948676116198531112613228899353639641723178583293781119635171946526111114386811188115251531111196241311437511356266182329115292
7254111111118641789111132512718611111111166946472461111111735116915311111171531135755111111399786954441115276716111111111548718651111196662165366218512739111126976768884576929624711633182125811111162898