99999999999990597399639776991695437111776376962222366589846492846864125500583161048910360181126203826567830070989324045825200425367421196286075202046967843135923467206468390367
99999999999967644992778516812686091062879762954832326856844655393194804461547687759647286982592132023088032109016977121805619782601871346169016729541742001440009481500680221966
99999999999995919999179399184951777265413565968680518789032003899246449958773920740504631347544289871441135739912384777531468688382710773063131621630606735436895676645651961717
89999999999999999999999991095136411298484129017007605000442741466573538871462257236439927910769999946461694467825371664952198497975457811614084926286145241936415913976456443880
29999999999999599999993116251393488963561241333318452694288894697643408339330741039999999853999999995761599999938253799520907694791784716093441338763052231780595572582766260603
43499999999934899999995338079587405939916043309396248776462581079394185318322865159999999999999999999999999999997049969997327962618453606418448465873201665289613099060046467889
79999999999928304499931213534148057216824046021208994604455996864815259599999999999999999999999999999999999999999999999999802156666587436275042622413223141029245813375418375090
24499999954385294757132715222593618013677675779143180468989080667276785259999999999999999999999999999999999999999999999999977587992327251305450908698106114598710495857635650558
71999999923407502985758203767962073816779948239108742548745900755399996999999999999999999992588099994705299999999999999999999497159673731012094430839980810527519732410710570830
59999999945304015847399296021749566281198052650797319593492881999999999999999999996991599999756319999299379999949999999999999999999999438725647483723747370452282834590308903093
99999998148636758755198238595615518894229892431902474644344133376999999999999189999911037317898971572423155969681627999999999999999999482802461829873113042075978673943772981031
99999992489996199937105388521852676072894076926166154573875311747999999999883938720834506252826318829021938439015675999992999999999999917969937315428522579135148482245988781107
99999999999999999533611353554460574491268637721619247694919999999999994999939448695585260827570440504548008241799503599978323499999999999975243335238012933497755336572986702505
99999999999999994746279266083284686652644471378352281823989999999999949777169089784209306648092472335225327458694481286591415499999999999999999954731834053223352238282477062977
99999992019999996626537086830388318653379694375578952632889999999999991810643801810605507186463075446182746538224513708041516999999999999999999957738098949277322330287260609359
99999994114166167720488379366120907887600823702065141146999999999995412519065153051169677244089150782359451067447571794494681549877682999999999924242276386298619420632772980442
99999995272747367933176716351332852598571410446268052999999999999679463727367170237018348923528627626347397994269819544350546703807402099999999965519699473532014570869812430086
99999926581217952092845851709564595701177143437761299999999999997411555904363494108227750994442206661572032377712119925256091492275222699999999993990658819142313811264430166792
99999949039912640994773649333556313545857554550463208999999999632969007715652836824693575162708116407264658786002704645832198786992799999999999999999999956209209028921741554331
99999923841830681943799775541359613748079770456417024999994983928333711237213607834322331121070483179717874691238546416484878431016270999581999999999999996613329171240785872334
99999979994399985401534763314764526353877866141964999999987939464563945988896302781696199972991740543419165540275620744442511123863953869613779999999999993822479194474149127422
99999949999993333705436991765297683949675659864964999999999180773017692501385263957999999999999999993231591034864904245084622651895507551020511999999999957523585232519698429959
99999999999999860697224233506503981876008521630642699999326389380093340260021629999999999999999999999284652774668476165894627906483431104642793999999999694097212954747717457493
99999999999999397289488150046303149412499836625771799997684810739854997744539999999891053379849899999999942714123643578014225986521311712615499999999999872817499169512971399441
99999912899992467661498689199499695303441489263269999999966537865316903619999988310397585432875673939999999946703591007451724298582184649518199999999999999954222062776117781192
99999991102427756939932844445181313538318260129499999999945323332039902569999163994784108119515641793999999992310229789672682092138286857527911981939999999699999831614159907759
99999913837450937995454400039857412959005037332999999999121021251866402999988995383971337712181203517859299999792551389734247952648880482230870930212999999999999962711931992501
99999995457401568192667641826003677259895696182418999999266311293956175999997796383888884187040015362332399899999993910447502213675737119245113871542699999999999964141922719464
99999965066987999177183247174668252279868402287104999999962447463496839999816219888999999999247006217931574449999321872098097441797415245737209533316599999999999500491573191269
99999916992929993413061315695813503595551928508399999999293805637674819992384008888866699199992374945786967999999929716914526345981356718975311892799999999999996608611378230391
99999915999999489536239175730680131603756429499839999999623800677375249991275988888888825659999624298337431991799999165534525382152445544008550409999999999999932778782170542773
99999999999999992617706824684681322063566929498398729999936115564364589998429588888888884691199991042537405946799999164238112633359213762435310758575491899999999999285967224446
99999999999999983058085723572280730056490944318123599999992615493622773999174148888888888842529993454539319306999999837964675623906142971496630263748947339999990499993987810644
99999999219995371494225604444458684505936342051530999999344439098858880499932951888888888601419993864991535593465999895686676327898736091554108313837519529999999899999941655444
99999999974842374419982283393413029276321226298467999999999184447503137199998049333888886073869999750048012339973999995276506299050832085002746709597137688999999999999996645436
99999999920122069214563141179987564954439030782563973339999979310106569264999999999998842643349993436046230216699999997282930117360226062501132252191997215199999999999994137002
99999999940412305997172662027274351437536051601610943899999945441853008717092688888429647016799997492619215554499999957415891248796000180578990429923423599999999999999946760876
49999999995164626998094218123631308994665469498586094899999999987935503868806647657038154551999946237654826599943399991911865177383837922620120045415257999999999999999272425100
79999999995299919999390238804119623253363964951979520162219999946166755954604980425453670499999942393300953309245999999462714108804810987274510368159821499999999999913078989936
84799999999559999999676727249648507791653064285446119012109999999997807544484974665695445999999715793174000929999999999184321403065727948815678817505577399388999999992881481722
94869999999999999999815746348805130987962339305944984469749999999994199692442936184192999999924288741857076173938999940150595933166828751887697776941148285369219999999998896896
48911999999999999992030189638274304254019620654187812057826835499999999434999999599999999992498285474318364499916999960725295352471508483765282197315819184431991999999999930456
96399999999999754701354411392996328396388964216946860623568711699999999999999999999999961728437596325407319184889999999467915505412927245199249664902499753567063699999999999824
79999999999999992284785722581815396010344862148916633476673791402698899989999999999549613945317567638125888649999999999775489543260986248406549730235797718171581599999999999993
81999999999999996459944149180603886229227411259839833489179543065163144611299220112721582236774990568997625121999999992286067367670150607810986346117516119419299399999999999998
82699999999999999395014799296955798936096643856681517712018970638023502902743411030927870254324106494198211978999999051187627413541297542838609422408744192999999999999999999922
07981969999999999998999999999534753166071041793732912899734089227476318071683718857500575317635529755155079999999999826264345164417268733154473354208178153999999999999999999625
14289791499999999999499999999744659208183160128563238742258413581875875325713131830305472673874965736596499999999999422844817388397382920993921162551180775799999999999994993307
67809999463989999999999999992779273543451515804908278078787667088955694328147345487220884887126157361924989999999999197449991215465515075903402439099491199997239999999970972883
74127453752129999999999933175486876903053861670102641872414570732658425493872455118821690893048113006615199999999993963637130280198638662307524099946668309442728999999974543801
01549914717764999999999999144629034932188318820360513092033264599431067200101137088733764723836548829999999999951783342531579985870707625827831163403922697022995999999646999115
99174244321719999999999999785137424998132069228392184675047914365646497982852052509947757467197981999999999999933037830377343612628470588671641528006969132993164999999678891181
09989116681229999999999999999418999999954255986665904130909486967532920416882920347463026811202299681999999999999999147471304667875744322749283782008396215715079999999654999993
35719675186859999999999999999999999999932792375056197238471828053769073071198945942039514670748989796999999999942427581695752459079108045963775481300997557037919999999999999999
28398429542342499999999999999999999999965059189274227623171487985561799042768795176753642199999992699999999991512226593607327173231819180265890448620156684599999999999999999999
69726676193805633691359859999999999999999093689999967631827558995073666750166197806572179469999999999999963511706753403467406027951604861087218003046199129999999999999999999999
89934109906764083999434341999999999999999998199999996298792410091646673046538024999899918324299999999999777127354387398867125930234506987423146107541652892999999999999999999999
76616712369619078423593029799999999999999999999999952574979999980499749959982214909999999999999999999999896067213197529709905331647677573630151752769146105999999999999999999991
00706174850244010833874114299999999983999999999999994156333899992833065899999244599999999999999999999993191662329849525992938108512733783748890761788632799973499999999999994182
34017462811236669912275633499999999993749999999999999999999999999681722999999999999999999999999927040491534429484296432231743015740501138596189549877431891157305999999998879692
63148374288292309899648723819999999699942199999999999999999999999999999999999999999999999999992322230215887231921384630908215406928307195303093883319657348807499189999999991720
60741410763281738319999970474134999405111999999999999999999999999999999999999999999949999999999997177449662491935871964461020323907269051869278982529300283012981591899999999423
65138642283062579537010978800351499920005799999999993589999999999999999999999999999951729999993101664812792098792633099992801727048349303650608609192542238347333045799999999998
28612785629705103731151067800422129592436679999999989950189999999999987199999999995241677714178436828979920211986649392391754165960579533457726317275921726649235035613999999990
91186180363040862003034882975650405715177831999995968548869999999998982729999999999917126133923977459095339840908274679525119526613901467602428476520741494696631899998999999992
07882070517476131969193583640918120795760397927547993042765999999942726796674989339962314187609370912401463024723933375760062271907719013321155965975079999999126299999999999998
71311989843699377921267864215014701656066479000501999202777031442799449055774028798342523243388892334208570157077827170882129849424815631007817892567199999999946799999999999999
23973958046883263682039282525747605767352451116626028477191103845177752712329753869214816073188967362269045243198575018665040418716023525340448043672449999999299999999999999999
26949836358251332931353808036658373661863425557011057891874881413209984294858369051357299822728910992636226129522818365307990685271704101345444752401359999999999999599999999999
19207843654171781217864168610441837265705187814565318275995179857567923287900507468162619434061021940552233400431156228384600318595110910539697480799994719999992962999999999999
19990213372372000222606064256137103700543012246870681558450032500363072155220406647453909594428547964272924429287732631715434622536415766224684490996499519999822832399999999999
82242066788810206200737201972489946808838705808883079169216279647725200447006924450399863076171293379611696108525317516612960486983277701479999229245762363749908828199999999999