7208736402
52853942083
56148620989
57044850251
57651074144
63547227684
67410097968
68096319204
72256677701
76143555643
200878504500
232603807269
584229459829
731970284256
851670030358
873230892633
891116684686
928052427849
929882674167
934208006412
1004893663905
1024415758930
1229725672896
1237605063965
1532251631317
1738623502684
1753060467995
2302463913453
2460924340721
2694354275425
2763827661317
2830376133013
3048887667638
3113752907957
3390870505719
3420592439862
3510681703571
3623720944316
3653751262578
4243704437312
4272642374926
4414651950204
4441624697623
4442443883340
4501905782481
4530979241039
4592333495995
4619157348453
4812655822924
4886806943642
4927864537285
5045951813882
5071865977171
5561621293410
5590765056430
5624175580292
5636513925229
5985706142773
6147751207937
6147962677220
6188439945378
6256235366229
6311872048767
6479378074521
6540948084928
6587913949711
6912048040672
6916451878838
6925806560562
7102530829828
7294701884218
7425275581106
7430189752136
7436887816384
7580376910525
7661673751955
7681137533763
7790594275556
7828707499069
7873624456438
7875305506184
7930611506862
7947402680345
8104912151079
8272443433424
8330498198730
8727240735055
8862373117570
8946890931000
8997915445406
9194725863178
9201298517141
9238698714759
9334880578458
9359580889931
9588201584645
9832029233777
9837523549680
9913110138590
9975077699844