5667576444587858464546584477766454478787875578554664744536757574677376456467346754337454746764576556335455655686855586756547855765444564746556485586758
5487756556766746687857478758475465585566464574565454745776667664456454567533356575737445633733465647544446877674588464786574564456486675468467767757777
6565565575656764774887575887766854885768648735465756754476675337753734743336377747766665435637464475754673486555856564754888558864785574666647644666664
5678867684886844846877647476844686877665753767566333334336766377474357763343536647675663747756637373354767637578567674448645886766544864776576657654564
4468786484546777654548666557888868787575367556473554433446467444365343653657377363533346363753644665774665536548847876785567764646845745848447584878865
4547675668865744846648467787466867755747454363345476335347733733334473343443353676367755365763673777433747755466744456768885544448758654877566556665746
5766558864577444486677768858578678465447354374567465537444663576636343645336375533637737666574436446365574535456377485854576658766454458848684767565654
7654474465466867747864886478665665774767373374734636675343575643676443457455463373373366533365733433777775433777637334546846565844865487456578574568774
5744478555787764655566765646575557347567577645656773466544677743346665656111111157574355666436743567343573443373547464785578487647876755454564764474475
4486784887455457746675657466888573644376656433444556575376554433667541111199999114345534367544335676653347555733653646656447657885656845686748564744475
548847558768474474645788866575744677377544455746435454655564665656773199911S999915634554674734457534436557774375467644643584454766856687744685676857868
7554846674466776465674565767343463763656536474565436457575574576446551999999999913463735577567533435566447446444355444573376755757685668855458454477545
4488665785545556846586888646463535536665756777653577333754333445465441999999999916443467565766334457456344754434333455737477685587868457645588445645778
6846648655484574487748465633375535575547637336644633375757744573346346356999999417434775455443637334477555447463646675536674565847468774844746545564664
7554477478475466647868487445557736637735557473475344447746656365564745533599996616635345577434577646375567575466555366346357557655468747848447678577764
4545644455488474555547634647775476675465355336663776646663755536364733467365743754473553463454374333576465534754433446464376675374646646658457844866488
4478588555457546458557335673346576644756476734544443577357377454457333433463445445437474474773737647634535744563733474555365344666575884555767646656846
8648448677484487865764434367546663554734636567475453344543544554575355543555674477455677557737555564646547445643633644437374556655776757776455464576586
4476755558648756757774345743476457733664677447535643636536357377367573473377435544355673636537346746434373353673535443457533636443378477465657767546466
6568587668454655845435736447453356737547734733744645437346763453437663355445466775473733656663756564643645636376557556364736634637647744786454666876857
6578548774486566877347344757373453444734576774457745764655657366755366434347353467676564565733556674375354756375463376536757535575447686848654658854847
6688765884758847746445677655654444343675634453764667434574575333676473547555676773355747354744343333665337764443376656765767753774337785485667457586585
8588664775784857537444555454533555573443547576645344547663745535567534757322264467477377647653555433457775735765474733476456563375536556786866487864757
7777854574854486346653546344776334376373437365536376374567364753643533263245652446243377377743754567775735475663666765357747373343334346648884666844478
4855858764457646656445737453364646656765533663734375343456737466352436326266332342655343236363753777363445433766774766664364374336765544747874448488847
5685446478455563367533545475634374365476656556563347637663435464242646446663565232453364566355736477753377357447777556467473643453437434448756574848787
8548755646546634657536366434536353777645346554357455545662652352236353252245632642466553364356323553536353754764667347443335634646447735664576477757458
6658466847663575553677565746745377565447336354546753565242352322422646636552233562266336562525564575366737564443476377454476674737437735546846655657557
6644877768867345455644743635347466674646545747564736466345645243434564556624353636452244425242546566563363437476736566753643353365446646345444784868868
4587554446757353674437355337445445373646466535753352556252365635256254633326236253554563453432533356465433344337454356753655536446354664746545557555685
4687675864744747464743373456437657436435436654765643345534233356663354334556645536256452336346536545444553573347434457435343737545673463435635644587485
4846874584445436535773644473556667574555367445634422254556645333346462426645462245435332443525544626543623367576534674454357675736734553436547657575686
7645858856654646345346676665355367666735346564635636525662536645334564623345533262532225422623422265466566575746753446557467574776573636575467547587547
8745645556453465633654543563377564377734556364445225563223334465422334323465326556366246325364253435533256446633757433454455355366653734643373777567777
8855854764364575534575373356535766643574463356255642234565455455423545353225232263666544652423253623565655266767645676647545564544356476365367365585567
5447575766466456375734347633765745746456744435662625656354654644453336223322555356622446652635246634436542456455333473476567353354357353677675737478656
6778886753476633467767765633645476453666644333354656453536523526252656632653423465224446332433233435345422644465764543737465537547763535346333367768845
7588475357465564563763736444646545735653433454322343463533256535354336533542366555633236644665624335525222466456647433433553475367665677354647366886455
7674453476534657646463474733736744747654524353643422234444535325653656565226636223532436452363445643444652423225263676765733646756374456633767547654456
5446846543576374773764447763374557536532356246464633426245646656262365533346542566645444446246424533622563546644555534553663537763334634644354647385766
6445757655644574743736777557367575435626363246443562255253334456236262324526234433333562232646255434632444256623526364574747454377676647576744334644867
8866656456534767746364454373477666732425355653445645544262262433636566656326635352355262645664543446542663422336346363373443664553564747476367356574555
4677364754365363756674335456563337454666236324626235243565246665654625653336624324243423354354652222364242236553632325447563447356547366646543755574547
5856377376354647344554454453757445536535432466425563536225556436534664423246646226446346642344236343445342555226332436364534777633476657664665435343665
4764344743366677456754357353354563266246555624652325252553462643256666623243354455654234525554544343435536425644325642247774546565375546343767445576347
7765454664535676435356334435653555663246326354332446445334333233435226443346263454652225456254546326255655536646465532643757667536545366347447774333376
7456563334467467765366464473445446632245563654326443642352236546365243453626546523566644424623526534653262655445264325563436647445634645734533545446765
6367577576554347545354746436774422623655625644636535653355224635342456654565643533356253262232443462365655524455344665252555743357464353457557663564666
6564736675345474665453536663444462634346663544424425662225354553223534334232243335334465464356242656423533645642446455566666564776376454663377747537735
5343777555364757647363764763353656233624424546543224455335552444564643332533442553433663335652546343556265435223645242435544335473667764444657366437576
6473436744354537764767767777444425354554336545366466424545464343326522225425455535354542263552466356423554655344365423636365577354565447535773543557343
7375773337674676776377557764623632636426323352242552526324623356524252224433354425455244252555266664555456532636626326364354765337337477573543533464465
6463573343367367753635567364643463425634335424555525424522466545335353552552243232442352533345363534246236422326634333432454636373773567433774557644656
7377335365473475443747377536222434534342253643363225665523346542243555442534532355444433232665243436433266443456543236334365364633545756566576335657666
6667453644336333365354677542224646564424336363226564544363244253425525455232334434545325443326353325443365424223542552322454777457546677345737643357345
6677666544337777464334373753263433244555335623365333465533324243444352524425234354255232543235566522362563456544255422255346546567677677435335476753743
5753367445657755437333455625356354624532523222566623545632554552543323242434242543552253335222455232526444556644362322326523545777467567565763546765755
7373453365676744637363365524625354253364425545665434633244353423232254324555354432233545524523424265246543664636533354344634236354334365643647355567674
7347347345757656556436473224633555436356664424666536626542425344555555245342443235322535253244443362323243645544335623336666263664635476667674677364337
4357337665337743476366637645453546425432345665426624652444525424325254235324344325253232535454325455623656432322353652455255636646734344533564443546335
6774646473736575756553635446563522565234623325653643364354325554222253534525244344435254543523352464562333566644344346666334425345436666756444747734445
3763763767743634774437644662246532236456655223426534352252535344543354523553345533252523422243355355256556642246466353264356366753335543575746536435655
4756673774463366774344346423552323443656554354544262332533225345554533534533522534445232524342433424566664554354342625366453246777435735566734636366335
7735646474555376567645474446353234344323252642264433523234253234353545222325534234532443455423245242564353462326254645523645533434466544645666447434745
7466555567464347537543765346322223245246362453344542522425353252525523552522553425455454224233355455423633366522332553345523466644464764767436575445653
5456767737777773536356663344356353325565524222266533432342525233535232225543323324552445542543432444554452235623644222533366634435434574375673366764445
5373437554456675657655532262564432453555435246526353325235544535535543252243355252552333444522335534354364655232264466633552455647576443774574444545535
6454373353444374777476455242224542245225366633642345544242555445442455524553224542545235242345522455253243326244636243243646452634764473555436537647745
6367636465535733553367524332364344246355524456565254532545552353524335255434525554534333424254253535335552425666465453362434563577375676735445646637673
5567456366374446336764746623522222324552425626563254253424442555333525243534352243333532235422524233462552544355242562234424435346673774365675547743377
3744344756356735347753765554322654323263523233545524334224243544255235454235322534422334355353442543352544426535226544436556623265756477745565466464733
6544743433763543647374356453633665644353456463253443533235225535355322344453433434335244253325545442345435224264243644636534253257564534665535475576755
5533734534443656435546662262532366266342643556446324322543443345435253523354243234444344222344544434342633225255522425432253535653556543777744477665747
5436437753744636367755523655564555444254233656324335332334222255343525555534555234423552345352254334446355543632566636466222423474443553364367747753653
5535663467673435566666426235562655236262344434244323523524352435524325323353525332225222522534342552432452343454335663554655552357474436454673776337764
564445644346673753743655623633456623632254664352522244535434233533322545453@332533443325224532423242555544452266242434263323423433367577436534634774643
5334776457564466664564542224445223542546456235652245432223535234444554232599934455542325455224223242242553435332265556242344662536435447367746463365457
7553366736365733755454344334532555364464444625324342242554555442552443235299923254535242333433424335444432626462236226444424665446436447454335664735644
6673475545473433474664562535224225322644422462453552532554523534552254552299944334553224452455555445555564552355326655442362566637564747475564553475756
4734536375544345354544624543462232554662455565536352335324243543234434424499954353542222243232422243534532423326546432532652265537763555636765645444663
5373473536353376335445363365623464322255564446223443353352434425543433343599953224452252324443255554242634543362236526645525563575745476446544363675433
6444367654464547374337556322645446622256536646262223523424244352334233453399952255342242344525535445454544233262463222435334365355675673454637356633433
7646467577374465547547524226426242435534536536465245344435442224234334433399925344552233333342552323433626423332266643623555654374763776335676634777473
7463557576774664775646735643643322232424646545246423432234225442333525522599955544424254553522452244552245633345256364665265225676633757737353665575555
5767763346437356744456322236243644555644244635526425444522445452324555455499925443523433553455232522332244424425633324245246536433633673536535356353547
7465377533776367336466762342255322366443655663663665234244435542344522254499923353343554555224225432645243555366322422545644322256746573455453756355644
6453776647455757337465374645664323666234323422542434333542422242334433522299953432552323325355544425543555224522552466355224665757533347345677336557633
3463345555444775637535375626452335333326644446333436332522454244432452543399944453222424325532542324664255345542264333356466326537533337677576455434656
7335444345734666664644335222325525524433526325432525434345454224534233444599932432222335554252544254553535533265255566443456525744375576757747767677476
3575455647534676643456554666234335433646456325433325255552223225224455423499953425555422342335442443255664654254453333625653523336476555466573653773434
4366654753767477365664677323336234466463544262244544243452544332345243355399934523354352545344225562623266665545535462626522535466734464745443675764767
5775634666566563464663553532222356462262525332266233633453224525243322455299934532433422244552245636546434522445525625266666367746657566744337363753465
3764456557756545376543373363554454456626425524345246525545423443344423434499932225435545445532255563542434436456525655633362433673434533746347635633347
4457666746445754565764477534553653264636435543234426666234244555545334235499933332333555333355443536634425333232442525444362275555666746444646573633643
6437635737563375463556743452345653644366342226455356665224325325523444342499934454234542254333366656444633632424245323552344565576455356756643747663345
3575334634455733543444746662223223453424336653344652353263224432442354243499922552235335444436235666246644444224632626644446257774564557545366343566536
3655633477534353545533647444634356654655366425263445656525443252442324523499933235245245453542422232255634365645354546532334675746446446734756763357656
4465655653753747657643753645353546464566455455434365233232524253443422545499923335553232335355223556622366222563225645665544434367345374463637374376775
6473734765567636546636765637543423442455325536364442643242554534242525255399924454453252263622652623222435652655554364235243554577645667374675647555765
4365357675555544564577337664663334442426424543542456253542666446523255532599925353334542624356264266455624542235342362664665743765777376565446345375636
3776564474443335336437376473546242564636262232344524565552452426355245224499922245343225253465236363654634355454622626466363577433744474663365467575445
7633666654374766474376645747355363335366265524444242425462344625436562243599945242663346466564623246333556542563522322455664446335577455654347565543466
7575546466656347474547776764646362453256246364223322424235365235253464244499944444254243542422444634564543546653655422336534743574336643364355757736777
6355564766555474573747675744754624624224435532456553263264654424443236435699945656234543655354325425323262453433252423262464477746534355776374436643655
7743646747746766556745646443646224622446254566363545354626223243254652454399955343253543643545524436444623362665266532237446377735663666444443467663578
5553633644746753347464663434735745225232352445662244635645224345364462334699934253356364333522666525334523336366546353346344433735676663643744354434475
7753543345677755665766555473544725663344445622266346254335225662334222422399932455336424653546236645332324525456265536335656474466737375774543435645357
8645454344576375536343665645546365536226546663664346443523225555552254645699934626252254566656646423536362365652345433744374677537446755537564577734764
8845367576354356635454443567675754654262666422565543656522256453425422246499944633352355364332646656356523264563233547444445537763756375634746764735645
7465466473733353674774555474346635556525554662224323554665242552656266463499924426543263326435425652543554643362535364335445547737374573667645543557876
7887743777567633665374573543475563552632333555455433266324462644336524653599943332222543246634423432654526423345245557745655544337473677565734774334457
7585474664556533475733565737674636755262435532264636245643425645344446464399926444536643536643545443252345645364237566453737475365657456764376774747665
7864676677767657366465537733634666637626363336323322665325565646546346624499964624266325232543332254533542462625643665647544557634735376633567455375587
7486863646744444464547733553577746765536435545263355442446464563624624446399944662354266662432234366324224245436457537733574347443556744373437473654876
7755753544754343476573353533753567463674545355523654434424524553353422526699935463643256643466465646556452362563775465764656743557347337763656556767874
6474846746456666434357667736657664656333325425345622655444353423563234226599934434464432643353266456565362325374576647533643735676773543344475658865786
6668845377353634764375433335535777576554475326664664644256255566362254363699953436445243534252332554665364652573655553774653473643545654675777764554585
4554744554444566437333745557444366346574675252322562263242645266353244524499953564265236236324235256642522446576545357737766667336364377664545678455565
6878457753776656535765445357563767344777354552325543643334256465434646525599933366256365264342623366632255346363535454546545443734736765675476468884747
7854878446656757654353546565673437673453347355526464256554224554645344624699945565643354225532655522422266347545436334436536463757476573575473477454777
8444745758734744535765355365533767435763336555433533422532253664335233463299922224553536465335443244652676577367377554534664445435633767435534458655877
6587848664534435343455755734754554366356435636573634432543642333532623635499944543355442666263344364433745555477443766756547563664633476434674656856747
7865855648453774363376763635545435634764755653476746433626354222655366232699966233656465232426325645655563734675675634543665477443565567655568588866746
7854757478573774557544333346444377663446344376477666734623624633352236325299922554456433464636664367657647466376457544477437573344734445664877848875664
6476467884844637575363567733665743534344456554774475744452234256333264544599942656526256423545363333335546445577434573364546576466433636676655586845765
8567568577654863534773533543367466546633377343434447363434452563422524565599965536534454424246737544744553445675337377357347473374734646478768864665666
6666884655478867637553753736475445365563547354435737345434575524424666252299944553355625547737344445757364534466565575737453466337676576375584474847846
7747856768677465754666766576455645463434336677473747767354374753625225665399923263342333575746463343556637477435645674645476543756356566785868575554877
4488646554676645747747644744635455534744757337535735564537735335743456753499973773643667465556345665563734477754654664656464757464665565664554558688884
6864768656788747664754766544433467435574546633675535576437467557534433737399976566374357543377433676544547565474443473643755353355545385546487477565444
7887786775646775763644377436765654453474345445634544577674743753755677746799937664777443435437343763745767543556555764446347443365733688488554458787588
7784586664868576754335647473655653373473765477545367563454533676747747375699957543676445644453445454646463744633654553456576434573658867787665688846444
6885667784688564667635655564663634757346633656337475343334474476456443474399947637474446673567536753373457467357456344573357564554746668844546874476476
4757847467866545766576464657634343456534753474534763775774353333665454367699947644767435535455563443675744364746634373735464435454876687568676547646867
7874856567454458865485755573443367473467456757657463736566345645555345555799947746456777767377374543434653565473643363474344467456577884467865446658455
4844584788647884747757877754756754774736664375334463535673336344737747765399954535366767633544564665357555736644455574737575646545874766846874446575864
8668565676458776566475753776773443637553474737464646344454767553357465536799943547343576646346766466366763544466553337575563777546664667458645664554754
6885857664886657756758877476536573767337445666544363675446574343764765474599957456374555543553354663435654657554663546535566578658644487668587667885786
7847774666575868547864854877556344546656536657474677476543537544373466453599965775646763673763643533577374543534777536767473846758457577878876688577565
7674467478667746487546475477735437374463656346563357646435374564656444733399947446345357556354646647767436653654453536455466576658555546645748647446847
7888786644866564648448666475863456733335666465435736346336777773335354664799936676434753673365647465667467763636666475377655885457784455556644865445855
7886654576554687766876887688847665673566655653763555345636745467773743336599956366553554556745654543534346643743445435455876745574867745876887858486477
8578447774756844787755764787586687736477547446635557666764463374635734335399965556775573445634767567737655535435574567444446877675555766765467477588785
8648688865884848847547748456868446657477667455337474635657657357534433563699955655334333363536736335676735566755544756848687846846778757488656585876784
6485686447585564558574658775654454646446655676575375773636455633634655766499957754564535633747435747476474363534373444675786875468556454488567765648755
5557547555655774756448888678487866857564363546545657377764565366365463663599936663743466463663656445555465337533764855744578488876844764655556856456475
8464868875547665677444747876486667757467363536743655743335633565736546537599956577357677536347477734764735763565576875576757764474475477468468888455448
8455486785857478655746475656485858777845677476366363473353745476673457744799947773337743753574774753656577434467555564778456644784846766648775688887578
6866488645678444666744475567776788865544868876547367343733664736646676767399946355735455355436347676367766777856746848888875655577567658647646785448455
6584776676688588784557558458485445686858848587474564675455357755643547774499956476364754656643776464333535688767447744778858464875584787747665876855454
5665584555744888847855666478476448577466476878887557777554647467567656435699977574467664357437775576436447788546544457875584454754857848856467565644858