65131317851586134345148125318611323151163782183146184387118564273484543853837734613531725775642325151
46645645353361636426175725554816462725351875828228558246551285341756186887517532426288728225765811435
33465255148872773143315847442643256888724565312145415753815224761635822532642187364172348487346425151
16481241256314787758433533441545587783514344535566513777157352267221435833461346288313281275216458336
24647735687622886264775523143175317667188442323885412212784184776488731788125125587846511175848311543
34227437652345131512651763118485477435771168734148136653758574315561268562535521173423583117315767233
81642648473873284682226213384245565866217733384554238165728553525261144756872625441158555316687125337
48637812616656222536352817412282613812615326237518686164516451417747477121485441558654274571585753245
73263457777266318533616587551213215452834444863811654643315848177425754248617837162527755844666355365
67426811221221464476662683632444726614772117721226463515421644572214323742661347334522845474141133284
66625268811223725727588254554327434284614756547611333453172856288385385164624873863534862636764538281
28536837727433532883162778458223373866357629554974884479689535852645127811373157454178824458221645422
56222838466328481186762368347146187276254799979599876585484474622242674724273878485448268175231547261
76583646315527216451625473381173181179759777874876986677675667869566741786857313164583731632834674628
13148214426774341434814211675723465648879796898595768769599547957754236358267667766372746575288716476
74485736621348542276142137762325486488754898967678684656758449484445756735245254223557515551428432311
22262331861261456117383617844469854666496688887578458876596485497465798974454674473826532422651814475
28817764716574361727454477449856559454644477574656545448596444958677796988332433128321457628143554186
21227672224642124683553817696865866556468975874447584499545578649567769874833474762181325827836534348
32642518547348582254636258467848855978956566984557568656646598985488979464982578767573867133254811485
47636245656851435354251174799946795848495558945448869479687695558945676497588435545877578566185277428
58781154621438125731536657897468987584764478675474768855467558975495588986494546345828836232841748625
51263635828843276431135556685484797985964658888547888495858967484789548564778447525314534182784387718
53814386231152438834564587848948688849947885569756745755897558844855966467855478435782487343867642121
64456374335261266482489447759668854556559647966568996679447866498846566774999755914547471448276661157
65544437446378318316477668564769859546559686459589576788855487848547556497757994972218718512326185716
27525251374871883568698579875866495688955494496768558967494685946548458944798859745644557134234362717
13868853343515648355595467864657647488878889475545757865849997659685669699679544548665453278884153123
18654147554354464775786876968968774767544654949455997548646679675969649895789758488461812357873544476
41756658551417174564766549744474579556859476966749876665546949695448547775876559447592225634666842571
84447424258385239955796996664478887566858459898544668654494785744668876467769998856778683335213318487
17424432581873327666954796684778955769986994595759675774898775455956978464568585495668235272624347363
61825343713271167584547869998855687744749854858664786957788779964656969998484489779996553356364785538
88166244643727264664584999594695988574576449464546599547555964475584459444465664894567734261863282883
42738448818378656675474658858879574644679567748454689646986946994546644699755587489876541771851737147
35622483265645869795487898996747844575887788584586569784575555458764686574564679949769863711515542464
52665417221275859657668977896976857884475798964747654595784846698976849458959796558469977463145183151
66323328465469765687569756655975895465695765977575894569499944644598757975965965584547557155627345541
46362612828646865886495455857964868994898459548744778465499657887496658655545845794947797515523285765
86541128633364666945677877559985468579979666454659784645849459574946467649686857745945597787841125575
42465324821598864858569496466944644448959495567486567746499599979449586586459658974879457442826362642
34652821863257845494996748584576777977599849488457697576949995745849988969998865864448686426521642376
54364675378856475469589594745557745994644767494995487779567796957768596446654476476767487418886818265
25125546275596497788785689965868679847459894876955578955758866887484875669465468494689665572755673268
71438778562897764867986459767677849747998755558696749499984566767446859475588646997959579547481886541
62234551613688788564466885775865866948599995854448786589476988857669489848468976655789664968345458456
12164367374889646769589487767765744869546464645748896958867845544547589767677999586879765587818634135
52476865364986478644475765647748679578565497544756599468749885898965746974456574576447645496353677823
83272728531885964497468778645566475649459954649595789875796989986968446748669758784968544885186555721
51643537341586748449966498568747767855855989888459644794776978545949795495789695799796854672178858335
85284512272886874867574859594955574589946686586667@97859847885487769864789886568994776888695841152145
33451858728749696656786887895868888756584975849658947975794684876555949658944788949895698552163511862
12522376633979646487798797776795645954688864856957488948868655899486897554955845455945798491462188678
21441347223575688447456784664779697454466959657594456545794654794796796569647868544898867893155354287
67621584845689844484786568986966888568679894968467948486455989765898577494464749898649797762585834243
57148852116854964476748687754885585645558888775847549499786477968666785684844685476547655782563568342
87755712435645499798698858669897547748458575987654764947698968758885674469754469648876674751734364414
38422233468747768576746467769557559668854887458888446676656668967976587986897655576649699654537864417
12438114583494596685789775998646685594846747897685965596867976459886986695656595869655766786222557453
54336536368148694895748675656875958775889669785667845856544959954855884947586478756684645478331256833
51631667572877548594589684799579964675464756589565944846659655687666686445857786774895857588334483856
36357274427684484684979578749445975789847856489687968495446696758654464894846954569546484745872318721
32418222546255665484447685955665995684595587979697976444744489544654685484865487567595496738733766148
82477878331849568644978787788556575868688468845456945974448587995449679847747598748495455725577836378
27448158125629787768796764958794447968489788676497487974474676566447785767594474675599899146415581747
23171247612768996897696776766747769644844649595557556646675844945795669556987748646658769134617468871
11478585782771985997949656667599775745878548757894589484696844865549454496644984465564454173617481763
16867874343833679969677784758656556896766794589794488758686785684767668858874459848956681382468525754
18134183212377388758864544844877566945546474689999489846955494588464469597599677565497845567756481255
83768277463617787485868589944666648594955855759845875586955879445448659997756475768599975332772524453
64163364741482686977478757956696496448558665999958578696464458468484768579446675647677681224148671756
47465653664455334686499669557685544986557889544646597677696695789498958787888945887986686715761112635
33267545617284574956595956686746999595697865684887589549746687975884788459859484997974851221251512382
85721887828525764749774495866657847575745497677585758666868577769749877579767677995765364573515341374
64811244557484548594446479565588969448995669468897867679986749858795487477885576694661742116613882134
22433878664688775437665748496469684676788485487756954476945578854574774789644844756812115546117664528
43124671826621472768945466485444457547748989754769847676544576567648968866498788588757571473864185742
53687445528265645373576645796954667779844745654777797857858764674546674557986776761731216261846534816
34787142738323542338174666875754775779576874544546668647956647854548649847696598844234726845663153357
75464731571748732445686999599657999868975844589497898774449996574877567756985478281125281516252524176
76867367837577737215175774465694964758694978749689654856976855876568758646984545724548367343173324757
81781825337763886487416258695559987946864697498587644985646579455775446547775721616326371271585617274
84311767187124528256324315686799687697699994495785665548776966847997885464742878668544431777141475543
67585486647456484885312474759784776859564654546454776475647565457589585698576284262884776216167737221
28265431556462383815526873778588647574854946475596864994645458548865466779618388221648744387185633642
77587265758768341284241352678558479475847865984985575556666598855787488858325865381457142115672853323
71648267725331751846253454513887656759789776477449597578464975488545442448256146475382128247328867236
32321183652124712464787441384881588744466487655686559555897876448864538312735678256464367354674681822
25667823538853426337231356387661877364855846586488774876686667699541656362341183828424163542162348653
27642557223484743864753556254351268481866757465769695946966785776244215422217615612285161243785344178
18775442533441247425776547416866228621148158849444868778468577527633563314283438164877263572475351648
38365335383262528773888446514154533747554855686856723247465422653481313536678377815657456787322152834
21723526727685227277677123455525611187426125471153618832678286174721776285861722262136261161864426684
25727613356216346821222132166511846181485285727381738433361761353867778618882668233548762323587622285
83185881368573431268742457134741823315831438377558786146626661272263455533623614482464285337634323371
83582174414713133845831468747877773184652877836288533861547775477328633477878187251411467156568347418
21488141882271585241734345445583263856543658457373854622835475635732168663772237435814131162328268167
11771627771884323417641568732112568825787658584278331353833721848234433224541688884635883684284643146
22235686582832522872541242324374736777667551616212414216617427145851867638556334338821725666222437731
52323543548725767571388342736388314188223768213857371258555273516214478667577878371761624435127561162
11543752573658714312132784143556158231338422662721188126131416433616148747375124753847523584315532245