7837729526474213792163211917355
3962173616218265715377121443212
8176433764744983667468877819711
6911546728544366984578129669183
4569499632518688662421611712237
3566622647915896966555494445361
8362359437644734968275833459939
1612249664518175326848531937968
5759431866276796995537874667518
7231882159497242689968581397862
6152831962125361887366731454233
1736316196933499976785581937113
9388489879459481276933775116737
5199358463933233724217974368342
4727165924782612292435882849253
993811294472726@796858994172646
6171858784888539971494957797482
8299718756485682326649218637142
2979334225453975612923366269747
2693582787417519354373548461553
6328884925945491987122915485217
5345574881516937958998272829697
8129265393711477374655958364659
5918995239254675841963872639787
7137663856577887184611573728717
4924228882523479511933651518121
1757763932562997521115839533789
8153637583892337311973523632867
6421465974763629949683116848376
7718379624812665717383879593422
4217334567754981436745545286449