[...#.] (0,1,4) (0,1) (1,2,3,4) (0,2) (3,4) (0,1,3) {39,42,37,21,38}
[##.#..] (0,1) (0,3,4,5) (2,3,4,5) (0,1,3,4,5) (0,1,2,4) (2,5) (0,1,3) (1,2,4,5) {50,56,23,34,32,40}
[####] (0,1,2,3) (0,1,2) {13,13,13,12}
[..#.##] (3,5) (0,2,4,5) (2,3,4) (0,1,2,4) (0,1,2,5) {151,138,164,15,27,152}
[..###.##] (1,2,3,4,5) (1,2,3,4,5,7) (0,1,2,3,5) (1,5,6,7) (0,6) (0,1,2,3,4,5,7) (3) {38,74,57,73,44,74,28,44}
[#.##] (2) (0,3) (0,1,3) {30,14,6,30}
[.###.#...#] (8) (3,4,5,6,8,9) (0,1,2,3,6,7,9) (0,1,4,6,7,8,9) (2,5) (2,3,4,9) (0,2,4,7,9) (0,1,4,6,8) (1,2,3,5,8,9) (0,6,7,8) {131,135,166,148,35,27,122,126,42,159}
[..#..###.] (1,2,3,6) (0,5,6,8) (1,2,3,6,8) (0,1,2,5,6,7,8) (3,4,5,7) (0,2,3,4,5,6,8) (6,8) (1,4,6,7,8) (0,1,3,4,5,6) (0,1,3,4,5,6,8) {65,58,56,80,53,78,103,23,91}
[##...##..] (0,1,3,4,5,7) (4,5) (1,2,3,4,5,6,8) (0,2,4,5) (4,7,8) (0,1,2,3,4,5,7,8) (1,2,3,4,7,8) (1,4,6,7,8) (1,2,5,6) (2,3,6) (3,6,7) {27,64,64,32,87,71,55,41,54}
[..####] (2,5) (0,1,3,4,5) (0,1,2,4) (0,3,4) (0,2) (0,1,2,3,4) (0,2,5) (0,1,3,4) {62,45,40,39,47,33}
[##......] (1,3,5,7) (2) (1,2,3,4,5,7) (5,7) (1,5,6) (0,6) (1,2,3,4,5,6) (0,2) (1,3,5,6,7) (0,2,5,7) {25,47,49,44,38,70,42,49}
[.#.##..] (0,1,3,5,6) (1) (3,5) (1,2,4) (2,5) (0,1,2,5,6) {14,33,39,8,14,33,14}
[#..#.###] (0,1,2,3,4,7) (1,2,6) (0,3,4,5) (1,4,5,7) (2,7) (0,1,2,3,5,7) (5,6) {13,17,25,13,12,15,18,18}
[#####.#] (0,1,5) (1,3,4,6) (1,3,5,6) (1,2,5) (0,1,4,6) (0,2,3) {21,59,29,39,29,30,39}
[#.##.] (3,4) (1,2) (0,1) (0,2,3) (0,2) (2,4) {31,23,38,20,10}